7
3
15
11
2
9
13
3
12
10
20
12
9
5
6
2
15
4
18
18
17
11
12
9
5
11
6
1
15
13
11
9
7
12
17
8
20
8
18
16
10
1
16
18
12
7
6
18
16
16
1
5
1
16
9
13
20
5
8
8
19
8
9
11
20
19
7
15
3
8
17
6
6
14
16
2
20
12
8
17
17
19
12
17
13
13
20
19
17
9
6
19
20
20
8
3
19
11
20
13
12
4
12
3
5
3
8
13
10
15
11
15
2
19
5
14
13
9
17
19
9
11
14
2
17
11
15
17
1
15
6
11
9
8
16
1
8
15
20
14
3
17
5
10
8
2
19
16
9
18
13
13
10
12
11
18
12
14
3
3
16
19
18
19
7
10
10
19
8
13
10
5
1
17
4
14
15
14
5
2
7
12
11
9
19
17
12
19
6
5
9
15
14
3
9
14
17
5
13
10
5
15
19
4
20
19
17
7
5
20
20
13
19
15
5
8
8
12
2
8
20
17
8
9
11
9
4
7
10
1
3
15
15
17
20
5
8
5
13
7
11
6
13
11
19
3
1
6
14
16
12
12
12
13
20
16
13
8
12
12
18
8
15
1
12
14
7
2
12
4
3
15
2
13
16
16
18
17
11
6
12
10
5
5
7
19
9
7
1
18
1
1
19
12
6
2
5
8
6
13
1
16
3
12
8
20
20
3
13
6
11
3
14
3
1
15
10
3
14
3
9
15
13
13
13
17
18
19
6
2
14
20
2
12
14
1
15
13
19
5
3
5
3
7
12
13
1
20
17
4
7
15
13
12
3
12
16
15
18
3
19
7
12
19
7
4
7
7
5
20
10
4
5
4
6
9
9
20
10
12
11
10
12
18
18
3
16
1
18
3
8
6
4
4
4
9
3
2
5
5
8
1
13
6
13
8
5
16
9
16
9
7
19
18
5
19
12
14
6
10
19
8
20
12
14
8
16
13
9
5
1
11
10
1
3
3
11
11
18
6
5
4
1
5
17
6
16
9
15
2
13
14
17
3
3
12
9
20
9
17
15
11
10
12
4
7
18
3
13
10
2
4
7
14
13
11
10
20
11
11
14
2
12
10
1
14
3
9
14
4
16
17
11
9
1
4
11
16
17
2
1
7
6
20
20
9
6
3
10
18
1
14
8
15
13
14
17
18
1
5
10
8
7
2
13
11
6
5
11
8
11
17
1
20
15
7
9
18
8
10
12
4
13
5
7
20
9
11
5
15
6
17
20
17
7
4
11
4
16
17
9
8
12
7
3
10
3
18
6
19
17
6
18
15
2
12
16
6
12
10
1
16
4
15
14
7
13
14
12
1
7
15
3
7
16
6
4
3
4
11
2
10
16
15
17
13
9
1
8
5
6
7
5
9
14
19
3
2
9
5
17
12
20
10
19
18
6
5
2
9
17
2
20
5
11
15
6
7
20
20
17
20
2
5
19
7
1
13
19
10
16
16
15
3
10
4
9
14
9
3
13
5
14
11
14
3
14
16
19
3
18
11
2
11
19
7
11
17
5
17
1
14
12
4
12
1
12
5
7
14
13
13
3
18
14
15
2
7
18
4
8
19
19
19
6
4
17
3
13
7
14
5
20
17
6
13
6
4
8
16
5
3
9
13
13
7
17
20
16
14
20
7
6
7
15
18
16
17
4
6
2
3
12
6
18
20
7
7
19
11
3
14
8
6
14
17
7
4
15
1
2
3
20
13
8
2
13
12
5
10
1
8
6
6
17
1
15
13
15
2
1
18
2
5
8
16
8
11
7
15
1
6
4
6
6
19
1
20
19
12
19
14
9
11
2
7
18
14
19
7
8
3
12
3
17
19
17
13
12
15
9
6
1
15
18
1
6
6
11
17
11
5
3
2
2
15
8
7
2
16
3
14
14
8
8
9
8
15
11
6
18
13
13
12
7
7
2
20
2
3
7
8
6
2
19
13
11
15
19
15
10
18
19
14
9
15
17
19
8
7
2
20
3
14
15
7
19
11
16
19
18
6
1
11
7
12
17
19
1
6
8
9
8
1
7
15
19
7
9
17
15
1
10
20
8
16
14
13
17
8
16
7
11
12
16
16
10
12
1
8
18
4
8
19
19
13
4
12
3
5
16
2
14
8
11
3
20
10
15
7
14
17
1
3
19
6
20
7
8
17
12
4
8
12
17
20
5
3
9
8
2
9
5
13
10
18
7
13
20
4
12
12
6
12
9
13
10
10
4
7
2
16
9
17
13
6
19
14
19
11
